100
0.906271 -0.301193 0.346443 0.574717 -0.385917 -1.07004 -0.684993 1.07067 -1.26364 0.223747 0.0674815 -0.530025 -0.294238 1.1884 -0.364368 -0.225222 -0.80299 -0.29161 -0.181333 -0.512748 1.06236 -0.0724575 -0.915572 -0.786968 0.0454048 1.21871 0.261338 -0.547312 0.015429 -0.0808747 -0.697692 -0.906089 1.12682 1.6029 1.03273 1.02703 1.16935 -1.11019 1.07242 -2.15456 -0.573355 0.882556 0.319766 0.0790301 -0.396122 -1.10475 0.165841 -0.405293 -1.26758 -0.694358 0.127833 -1.93477 -1.75079 0.644333 0.192565 1.95483 -0.215874 1.13639 -0.810859 1.28391 -0.945637 -1.14458 -1.70346 -0.682818 0.626665 -1.55224 -0.403837 0.18161 0.872715 -0.0198229 -2.00361 -0.405532 1.93465 -0.456045 -0.145878 0.466517 -1.3229 -1.03045 1.35725 -0.291327 1.26401 -1.11453 -0.0227655 -1.4125 -0.542287 -0.0316728 -0.644512 1.412 -0.840234 -0.230425 0.799843 -2.02661 0.133081 0.930553 0.842471 0.0443036 0.0227994 1.12176 -0.0555604 -1.55189 
-0.301193 0.923896 0.864301 -0.200491 0.782271 0.75551 -0.963719 -1.20535 -0.996825 0.824377 -0.660427 -1.08873 -0.784149 0.224189 -0.494257 -1.04662 0.69529 0.985905 0.362258 -0.0659858 -0.369597 1.54991 0.62473 1.42081 1.33263 -1.17209 0.106849 0.857888 0.759788 -0.704788 0.993923 2.45886 -1.58553 -0.780596 -0.443102 -2.49942 -0.890467 0.571827 -0.476305 0.781182 -0.639902 0.779025 0.796148 0.416034 0.161669 0.634235 -0.214256 -1.0846 -0.0611349 1.31713 0.918376 1.03002 -1.0171 0.805892 0.246578 0.121616 0.897326 1.37229 -0.366077 0.707687 0.123619 -1.13776 2.50856 -0.778437 0.501008 1.21034 0.184905 0.273096 1.1038 -0.739304 0.567438 0.24229 -0.141007 -0.47583 -0.0922947 0.884877 0.179439 -0.0138735 0.203322 -0.163509 -0.229114 1.76675 -1.6582 0.819522 -0.653654 0.224632 2.33532 0.89103 0.110985 0.686354 -2.33951 0.848987 -1.04274 -0.38522 0.186199 -0.466848 0.645453 1.14889 1.55749 -0.604924 
0.346443 0.864301 1.34002 0.0428793 0.543039 0.102853 -1.64666 -0.339209 -2.16709 1.30606 -0.919971 -1.37153 -1.34441 1.0624 -0.824166 -1.52153 0.183291 1.01697 0.631198 -0.238527 0.688198 1.75206 -0.00383545 0.9027 1.66866 -0.374441 0.364608 0.972646 0.999267 -0.740261 0.527098 2.33261 -1.3624 0.542335 0.27063 -2.0677 -0.327467 -0.366696 0.341998 -1.08867 -1.07565 1.45179 1.10673 0.75398 -0.449516 -0.147886 -0.203358 -1.56571 -1.01637 0.908466 1.17428 -0.385679 -2.43943 1.64574 0.353146 1.94177 1.20705 2.24804 -1.04141 1.95493 -0.189554 -2.50254 1.60464 -1.36405 0.898189 -0.200014 -0.293581 0.150723 1.8405 -0.981559 -0.677419 0.218761 1.48023 -0.84495 -0.10791 1.61338 -0.715751 -1.55884 1.03242 -0.553103 1.04343 1.22346 -1.99121 -0.226245 -1.2348 0.306058 2.27795 2.04138 -0.0760509 0.41241 -1.96157 -0.605576 -1.14641 0.0955249 0.776424 -0.169326 0.686635 2.1232 1.77861 -2.12883 
0.574717 -0.200491 0.0428793 1.00039 0.0819511 -0.823211 -0.542256 -0.315738 -0.786687 -0.452238 0.769267 -1.60806 0.527852 1.23817 -0.403486 0.26217 -0.440749 -0.469751 -1.43002 -1.23865 -0.485042 0.0684355 -0.450549 0.15881 -0.174762 0.506431 0.0313528 -1.80734 -0.321412 -0.65955 -0.0201995 -1.03574 2.08553 0.157797 0.676806 0.270831 1.43032 -0.00161952 0.394988 -0.0517012 -0.856728 1.16387 0.532025 -0.715109 1.03047 -0.538082 0.404855 -0.392316 -0.958612 -0.000719332 0.135234 -0.823499 -1.59466 -0.32014 0.463147 0.165008 -1.32944 1.72588 -0.599832 0.357869 -2.12854 0.290332 -0.896833 -0.775916 1.09846 0.668085 0.509485 1.32181 1.11467 0.330811 -2.059 -1.20311 0.668523 -0.571251 -0.533469 -0.47911 -1.2175 2.19778 1.8689 0.326101 -0.480345 -0.681992 0.0125374 -0.50603 -0.195736 -0.266862 -0.442587 1.32415 -2.24087 0.709079 -0.229955 -1.13565 0.134754 1.24353 0.912587 -1.31595 0.385229 1.13488 0.0620623 -0.190891 
-0.385917 0.782271 0.543039 0.0819511 0.859233 0.699518 -0.718052 -1.65836 -0.58757 0.311375 -0.157244 -1.45473 -0.204675 0.243928 -0.427726 -0.588338 0.720646 0.685613 -0.37243 -0.450928 -1.07469 1.31158 0.714588 1.60828 0.951783 -1.27262 -0.0269648 0.006257 0.431238 -0.870589 1.12865 1.86953 -0.727984 -1.33222 -0.508157 -2.36371 -0.537349 1.00425 -0.702433 1.66059 -0.679384 0.799593 0.758793 -0.0820667 0.866395 0.769503 -0.0403981 -0.873915 0.0725173 1.3958 0.742683 1.34554 -0.788171 0.158546 0.345706 -0.780306 0.125508 1.44437 -0.208139 0.120866 -0.553464 -0.192918 2.37565 -0.693728 0.669041 2.08513 0.614937 0.823671 1.03839 -0.407745 0.360029 -0.238528 -0.715771 -0.455945 -0.282281 0.225887 0.156175 1.65247 0.475479 0.184325 -1.05931 1.60464 -1.30866 1.08639 -0.358267 0.0550468 1.95346 0.712256 -0.674616 1.03544 -2.38695 1.08195 -0.828963 -0.113556 0.213046 -1.08703 0.707578 0.962225 1.30595 0.181305 
-1.07004 0.75551 0.102853 -0.823211 0.699518 1.48836 0.257235 -1.45529 0.804608 0.30066 -0.547756 0.295143 -0.235817 -1.21088 0.171041 -0.364817 1.13989 0.836316 0.649552 0.692442 -1.00711 0.79716 1.20711 1.34408 0.642016 -1.75066 -0.185431 1.29425 0.424092 -0.123857 1.09876 2.21332 -2.21718 -1.82313 -1.2724 -2.17094 -1.77468 1.25407 -1.26132 2.28582 0.384557 -0.657292 -0.0142965 0.288803 0.199921 1.39756 -0.338659 -0.0804511 1.29778 1.2476 0.301122 2.38242 1.40173 -0.107708 -0.152499 -1.69895 0.916191 -0.718103 0.66934 -0.867641 1.36117 0.394515 2.90885 0.396251 -0.55181 1.80415 0.332678 -0.319161 -0.480963 -0.412402 2.49177 0.739065 -1.91889 0.297614 0.201377 0.12202 1.51968 0.416626 -1.50856 0.105752 -1.11787 1.98474 -0.783435 1.75096 0.204982 0.195135 1.7927 -1.10471 1.287 0.378163 -1.78338 2.44462 -0.650388 -1.2793 -0.852918 0.0253799 0.206761 -0.682936 0.787345 1.11646 
-0.684993 -0.963719 -1.64666 -0.542256 -0.718052 0.257235 2.26395 0.611403 3.00437 -1.35724 0.734156 2.47589 1.36317 -1.88766 1.19965 1.71712 -0.0266888 -1.01274 -0.0488859 0.904628 -0.557456 -2.17712 0.20302 -1.21006 -1.94743 0.240811 -0.452393 -0.286194 -1.05623 1.23719 -0.657153 -2.35221 0.640222 -0.688294 -0.640091 2.42228 -0.288677 0.410985 -0.582406 1.28278 1.73049 -2.33578 -1.61171 -0.554031 0.0108367 0.4171 0.0478426 2.09824 1.6864 -1.13273 -1.49869 0.824675 3.73187 -1.82507 -0.660598 -2.38917 -0.804566 -3.58579 1.5498 -2.52622 1.28325 2.8697 -1.56094 2.03784 -1.63503 -0.148606 0.0854159 -0.850978 -2.78579 1.02967 1.80776 0.331677 -2.08255 1.30735 0.398481 -1.71064 1.44919 0.74975 -2.16648 0.499572 -0.986853 -1.1848 2.42474 0.486031 1.58934 -0.238982 -2.57861 -3.11948 1.2054 -0.872566 2.53995 1.24907 1.33602 -0.718279 -1.38434 0.878381 -1.03398 -3.13289 -2.20573 2.64449 
1.07067 -1.20535 -0.339209 -0.315738 -1.65836 -1.45529 0.611403 3.72787 -0.0292119 0.259803 -0.398451 2.71067 -0.550791 -0.0112602 0.487691 0.27099 -1.50642 -0.827458 1.54637 1.08547 3.10304 -1.86755 -1.62342 -3.18561 -1.0391 2.66566 0.317761 0.950959 -0.261257 1.63323 -2.29104 -2.60631 0.436245 3.51038 1.29029 4.07915 0.819974 -2.63417 1.84318 -4.69064 0.973194 -1.0372 -1.08939 0.838135 -2.52431 -1.84216 -0.110523 1.01449 -0.746772 -2.65488 -0.9429 -3.32925 0.374836 0.842072 -0.637198 3.1978 0.762594 -2.082 -0.155715 1.0473 1.49823 -1.36441 -4.34067 0.790097 -1.11154 -5.1732 -1.73978 -2.04166 -1.31835 0.216852 -1.01823 0.902495 2.64092 0.565215 0.672034 0.684126 -0.691724 -5.3479 -0.676056 -0.878031 3.31811 -2.82122 1.67858 -2.6518 0.000365222 0.12776 -2.93388 -0.436676 1.88232 -2.26321 4.28573 -2.81462 1.12552 0.146779 -0.0916258 2.65016 -1.24412 -0.940714 -1.83443 -1.91053 
-1.26364 -0.996825 -2.16709 -0.786687 -0.58757 0.804608 3.00437 -0.0292119 4.19855 -1.85612 1.00128 2.91777 1.9252 -2.72311 1.56682 2.24174 0.382627 -1.12159 -0.263112 1.12389 -1.44983 -2.52348 0.725146 -0.898203 -2.38066 -0.379347 -0.697181 -0.395665 -1.33619 1.37272 -0.338908 -2.44639 0.508084 -1.80639 -1.26823 2.2806 -0.769153 1.19725 -1.28836 2.88872 2.22899 -3.07641 -1.99875 -0.868886 0.497344 1.08062 0.0416787 2.66248 2.5975 -0.901375 -1.83092 2.03104 5.19242 -2.65082 -0.803535 -4.04937 -1.11577 -4.5968 2.2239 -3.73998 1.65042 4.20427 -0.965984 2.68205 -2.09546 0.965634 0.473897 -0.829866 -3.61552 1.30957 2.96506 0.383004 -3.55937 1.71564 0.446667 -2.43697 2.29308 2.04219 -3.02055 0.8526 -2.08753 -0.847559 2.89655 1.36637 2.18989 -0.323425 -2.74928 -4.30944 1.46541 -0.72967 2.45313 2.52361 1.53161 -1.16856 -1.97744 0.719325 -1.15588 -4.18232 -2.56969 4.08918 
0.223747 0.824377 1.30606 -0.452238 0.311375 0.30066 -1.35724 0.259803 -1.85612 1.57173 -1.33964 -0.329609 -1.68145 0.517444 -0.596477 -1.63908 0.20175 1.14998 1.48889 0.456725 1.30832 1.52559 0.000744424 0.454157 1.65418 -0.283233 0.397174 1.93594 1.13431 -0.251984 0.263381 2.53089 -2.28894 0.916324 0.126952 -1.72872 -0.885883 -0.699843 0.396992 -1.66859 -0.586008 0.821703 0.751625 1.19996 -1.24213 -0.133397 -0.406145 -1.29317 -0.692045 0.598648 1.01994 -0.429966 -1.71503 1.93021 0.0699718 2.30261 1.93358 1.24827 -0.808237 1.96155 0.964258 -2.85579 1.50961 -0.939941 0.277343 -1.15012 -0.747849 -0.702773 1.20607 -1.12603 0.122831 0.884545 1.5326 -0.531466 0.216755 1.95023 -0.260166 -3.25725 0.116424 -0.822217 1.69538 1.21068 -1.83007 -0.32831 -1.17084 0.450077 2.16363 1.42465 1.17899 -0.183293 -1.3661 -0.448084 -1.09217 -0.452254 0.364304 0.756489 0.370741 1.53215 1.55971 -2.32224 
0.0674815 -0.660427 -0.919971 0.769267 -0.157244 -0.547756 0.734156 -0.398451 1.00128 -1.33964 1.31247 -0.514918 1.45768 0.16507 0.246412 1.29522 -0.308564 -1.02077 -1.73076 -0.89135 -1.21887 -1.03785 -0.165066 -0.197248 -1.25305 0.373489 -0.280015 -2.20705 -0.955874 -0.136857 -0.154637 -2.23199 2.55661 -0.663089 0.177716 1.28942 1.2482 0.557311 -0.151301 1.27684 0.0319081 -0.0674483 -0.290948 -1.19638 1.39724 -0.101833 0.472473 0.745218 0.0978956 -0.381693 -0.660852 0.0175535 0.539301 -1.55294 0.163565 -1.65718 -1.99348 -0.110941 0.326725 -1.28428 -1.65439 2.22006 -1.39842 0.326854 0.299499 1.22457 0.797214 1.12435 -0.361573 0.954844 -0.965914 -1.18193 -0.869653 0.124764 -0.402401 -1.63358 -0.328531 3.4194 0.743065 0.754308 -1.50117 -1.11818 1.29719 0.0690273 0.762139 -0.444495 -1.7014 -0.445764 -1.86625 0.485785 0.804782 -0.115369 0.827172 0.866151 0.135653 -1.17257 -0.0761984 -0.596167 -1.06597 1.63495 
-0.530025 -1.08873 -1.37153 -1.60806 -1.45473 0.295143 2.47589 2.71067 2.91777 -0.329609 -0.514918 4.85521 0.101203 -2.64051 1.52114 1.06034 -0.336717 -0.638848 2.2961 2.51668 1.74902 -2.56743 -0.227197 -2.67785 -1.71542 1.02196 -0.182881 2.22104 -0.531192 2.41851 -1.63415 -1.90036 -1.54527 1.18639 -0.492596 3.53307 -1.29528 -1.08817 0.136535 -1.50141 2.62757 -3.41016 -2.25983 0.812688 -2.40843 -0.0990015 -0.455309 2.41135 1.80643 -2.17676 -1.68209 -0.288035 4.49638 -0.492266 -1.28676 -0.171075 1.25234 -5.42629 1.63814 -1.59577 3.94367 0.979701 -2.4026 2.66026 -2.89058 -3.51819 -1.39189 -3.06746 -3.81862 0.479454 2.92047 1.98357 -0.784149 1.81534 1.19697 -0.32578 1.94529 -4.61103 -3.85376 -0.457468 1.55689 -1.57487 2.55522 -0.50814 1.31717 0.18411 -2.86081 -3.8136 4.20966 -2.54611 4.25614 0.609187 1.37669 -1.74794 -1.98488 3.39832 -1.78144 -3.88489 -2.5633 1.04942 
-0.294238 -0.784149 -1.34441 0.527852 -0.204675 -0.235817 1.36317 -0.550791 1.9252 -1.68145 1.45768 0.101203 1.81983 -0.504064 0.578245 1.70804 -0.116642 -1.16121 -1.7172 -0.595316 -1.61095 -1.46383 0.102357 -0.242085 -1.66586 0.120626 -0.438597 -2.15488 -1.18101 0.12647 -0.111879 -2.49909 2.4338 -1.20934 -0.205384 1.52801 0.914143 0.923906 -0.537148 2.08681 0.51839 -0.751624 -0.69372 -1.34115 1.51654 0.256155 0.446453 1.27152 0.750414 -0.436791 -0.99792 0.665658 1.7233 -2.09542 -0.0133014 -2.64093 -2.12418 -1.10662 0.84073 -2.12229 -1.18478 3.10314 -1.29849 0.905362 -0.177198 1.59973 0.925506 0.924873 -1.13611 1.17581 -0.118637 -1.02986 -1.77757 0.499315 -0.292163 -2.10991 0.285436 3.86975 -0.0161321 0.935821 -2.03235 -1.08776 1.79935 0.519943 1.22227 -0.489551 -2.07203 -1.42251 -1.44116 0.377071 1.11735 0.638021 1.06882 0.502004 -0.347601 -1.02488 -0.287497 -1.50478 -1.5022 2.568 
1.1884 0.224189 1.0624 1.23817 0.243928 -1.21088 -1.88766 -0.0112602 -2.72311 0.517444 0.16507 -2.64051 -0.504064 2.40388 -1.07909 -0.835014 -0.674209 0.0734211 -1.02501 -1.55853 0.484474 1.1538 -0.856323 0.358365 0.927047 0.808745 0.38609 -1.3328 0.345827 -1.13283 -0.0088476 0.0961646 1.61676 1.24936 1.29519 -0.588653 1.68434 -0.758364 1.09463 -1.75918 -1.76471 2.44 1.36018 -0.151743 0.494491 -1.11989 0.328187 -1.56334 -2.14872 0.255587 0.940231 -1.93078 -3.88636 1.0571 0.752411 2.31891 -0.577407 3.59829 -1.61282 2.19341 -2.56724 -1.86963 -0.614742 -1.9251 1.90325 -0.229525 0.101007 1.4248 2.63837 -0.3277 -3.31186 -1.18149 2.48688 -1.29324 -0.639333 0.803327 -2.22536 0.582592 3.05704 -0.184965 0.811439 -0.380421 -1.27577 -1.28462 -1.23068 -0.0695371 0.741734 3.21756 -2.55055 0.822877 -1.09821 -2.40844 -0.545895 1.66775 1.75182 -1.32506 0.813223 2.95568 1.17278 -2.27385 
-0.364368 -0.494257 -0.824166 -0.403486 -0.427726 0.171041 1.19965 0.487691 1.56682 -0.596477 0.246412 1.52114 0.578245 -1.07909 0.656824 0.817564 -0.0178984 -0.469286 0.217602 0.641398 -0.0875878 -1.14787 0.0909824 -0.739037 -0.971876 0.160698 -0.212455 0.125164 -0.486556 0.753154 -0.410407 -1.12429 0.0684607 -0.216055 -0.346458 1.31355 -0.2881 0.0958585 -0.260735 0.446241 0.992765 -1.3299 -0.898531 -0.147558 -0.225104 0.197921 -0.0318941 1.11589 0.915242 -0.659957 -0.787548 0.373632 2.04024 -0.818566 -0.406702 -1.06118 -0.195898 -2.05355 0.826993 -1.23841 0.954859 1.31225 -0.824152 1.12559 -0.981991 -0.363442 -0.0918065 -0.663841 -1.55502 0.470611 1.102 0.349443 -0.99678 0.733667 0.288756 -0.748951 0.833977 -0.123338 -1.32126 0.168211 -0.289554 -0.606468 1.25123 0.195231 0.801795 -0.0782227 -1.32263 -1.70926 0.946266 -0.606265 1.44227 0.640957 0.681382 -0.50162 -0.795273 0.700833 -0.603761 -1.71219 -1.15974 1.24075 
-0.225222 -1.04662 -1.52153 0.26217 -0.588338 -0.364817 1.71712 0.27099 2.24174 -1.63908 1.29522 1.06034 1.70804 -0.835014 0.817564 1.82445 -0.338407 -1.30707 -1.17482 -0.115742 -0.956171 -1.9778 -0.126221 -0.96868 -1.96194 0.57163 -0.41013 -1.67991 -1.24395 0.635866 -0.598233 -2.98126 2.20541 -0.59216 -0.107882 2.43274 0.813744 0.434323 -0.279951 1.25791 0.963032 -1.29895 -1.09853 -1.0905 0.848132 0.013064 0.359101 1.66851 0.872873 -1.02755 -1.2996 0.205497 2.30178 -1.99088 -0.258154 -2.193 -1.79977 -2.03241 1.00942 -2.1367 -0.449566 2.96702 -2.09406 1.31975 -0.683959 0.464264 0.503805 0.247366 -1.75839 1.22679 0.145088 -0.628131 -1.50487 0.789052 -0.0450198 -2.00212 0.447716 2.49687 -0.601802 0.739962 -1.36324 -1.59872 2.27814 0.117243 1.3554 -0.434255 -2.73323 -1.92871 -0.61658 -0.241155 2.15492 0.35825 1.35021 0.274537 -0.607402 -0.227527 -0.661392 -2.07837 -2.01041 2.3925 
-0.80299 0.69529 0.183291 -0.440749 0.720646 1.13989 -0.0266888 -1.50642 0.382627 0.20175 -0.308564 -0.336717 -0.116642 -0.674209 -0.0178984 -0.338407 0.942757 0.689001 0.166303 0.225599 -1.08369 0.872953 0.993323 1.37766 0.638952 -1.51052 -0.146075 0.668806 0.346909 -0.380047 1.06425 1.8746 -1.47155 -1.64861 -0.964584 -2.07911 -1.21822 1.17054 -1.04563 2.09475 0.0180945 -0.153121 0.225197 0.0722398 0.514601 1.13686 -0.195316 -0.29224 0.853736 1.2324 0.393968 1.96264 0.661666 -0.123206 0.0306823 -1.45398 0.48404 0.0215772 0.377193 -0.598824 0.561957 0.339915 2.54326 0.0412289 -0.104505 1.92821 0.472631 0.152252 0.0182655 -0.331691 1.63292 0.306164 -1.51692 0.0443954 0.00494538 0.0393806 0.992759 1.0564 -0.744984 0.181371 -1.16839 1.71841 -0.845222 1.47905 0.0628177 0.111205 1.67308 -0.492351 0.459557 0.620826 -1.87499 1.9044 -0.632711 -0.78867 -0.459718 -0.430156 0.363086 -0.151635 0.862889 0.882302 
-0.29161 0.985905 1.01697 -0.469751 0.685613 0.836316 -1.01274 -0.827458 -1.12159 1.14998 -1.02077 -0.638848 -1.16121 0.0734211 -0.469286 -1.30707 0.689001 1.17176 0.950643 0.305559 0.140827 1.61291 0.582643 1.21436 1.52097 -1.10104 0.18201 1.53286 0.959711 -0.497223 0.860711 2.80845 -2.25549 -0.411196 -0.449045 -2.48431 -1.21277 0.271786 -0.350735 0.195493 -0.494592 0.606959 0.72427 0.780143 -0.393798 0.572183 -0.353727 -1.12089 -0.0434796 1.2005 0.967596 0.86403 -0.945012 1.20307 0.124371 0.663592 1.47128 1.07997 -0.384812 1.00247 0.75973 -1.7013 2.55539 -0.712135 0.257479 0.531808 -0.14623 -0.221353 0.974025 -0.943125 0.879425 0.654488 0.157807 -0.405378 0.0861548 1.30161 0.309639 -1.28254 -0.169192 -0.406512 0.352027 1.84781 -1.79363 0.662247 -0.785217 0.346749 2.50045 0.821703 0.827251 0.359813 -2.16649 0.775988 -1.13714 -0.663198 0.0662974 0.0805261 0.534005 1.09072 1.62903 -1.04702 
-0.181333 0.362258 0.631198 -1.43002 -0.37243 0.649552 -0.0488859 1.54637 -0.263112 1.48889 -1.73076 2.2961 -1.7172 -1.02501 0.217602 -1.17482 0.166303 0.950643 2.85238 1.90585 2.17197 0.301653 0.0247581 -0.802126 0.87284 0.04274 0.291302 3.3534 0.942324 1.02004 -0.470134 1.87224 -3.46858 1.36556 -0.286044 -0.160558 -1.82678 -1.15723 0.332396 -2.25832 0.847221 -1.05526 -0.433749 1.71429 -2.55423 -0.0225899 -0.705917 -0.0578359 0.407487 -0.395438 0.1921 -0.312405 0.801297 1.724 -0.635515 2.09003 2.78614 -1.70097 0.120966 1.07331 3.27749 -2.38757 0.6284 0.499274 -1.32833 -2.85992 -1.48102 -2.41102 -0.854458 -0.960059 1.99341 2.06923 0.936716 0.457952 0.890514 1.86171 0.95638 -5.79738 -2.12688 -1.08471 2.45685 0.650571 -0.622163 -0.401239 -0.48299 0.588778 0.926004 -0.700501 3.63368 -1.50892 0.649653 0.157188 -0.472829 -1.56007 -0.789142 2.60855 -0.545488 -0.576344 0.338046 -1.70996 
-0.512748 -0.0659858 -0.238527 -1.23865 -0.450928 0.692442 0.904628 1.08547 1.12389 0.456725 -0.89135 2.51668 -0.595316 -1.55853 0.641398 -0.115742 0.225599 0.305559 1.90585 1.67818 1.07369 -0.587001 0.233315 -0.85463 -0.141471 -0.0727674 -0.0130244 2.20867 0.236327 1.14435 -0.445033 0.522149 -2.24544 0.405719 -0.585527 0.622268 -1.50176 -0.445626 -0.159543 -0.695121 1.28707 -1.69548 -0.929282 0.923704 -1.63187 0.309809 -0.477365 0.794387 1.08662 -0.570389 -0.442052 0.395813 2.17392 0.375931 -0.694645 0.208437 1.58996 -2.62267 0.77507 -0.413189 2.79595 -0.355874 0.109841 1.18562 -1.58007 -1.71373 -0.890096 -1.94272 -1.7256 -0.257175 2.29955 1.55989 -0.442387 0.854894 0.760683 0.537081 1.37297 -3.41742 -2.41934 -0.492273 1.07411 0.170987 0.479657 0.13132 0.346446 0.308529 -0.23042 -1.82958 2.98771 -1.28706 1.2392 0.87787 0.155238 -1.445 -1.16333 2.04892 -0.745402 -1.70685 -0.575942 0.0751534 
1.06236 -0.369597 0.688198 -0.485042 -1.07469 -1.00711 -0.557456 3.10304 -1.44983 1.30832 -1.21887 1.74902 -1.61095 0.484474 -0.0875878 -0.956171 -1.08369 0.140827 2.17197 1.07369 3.3581 -0.356071 -1.3235 -2.16923 0.368923 1.94572 0.543329 1.99232 0.590365 1.04393 -1.61879 -0.310211 -1.12827 3.45431 1.17479 1.986 0.13591 -2.59005 1.7817 -4.92454 0.260832 -0.110747 -0.262329 1.46928 -2.80173 -1.60219 -0.345309 -0.178432 -1.184 -1.65985 0.0116698 -3.01926 -1.10379 2.04175 -0.408626 4.21866 1.88673 -0.571992 -0.768362 2.29025 1.68601 -3.13161 -2.41094 -0.134129 -0.572361 -4.86008 -1.87092 -2.00018 -0.0571781 -0.618507 -0.907627 1.2444 3.26497 0.00526269 0.638527 1.91671 -0.850037 -6.39035 -0.273522 -1.26195 3.81048 -1.40901 -0.00746712 -2.3805 -0.871508 0.40389 -0.780871 0.817925 2.13524 -1.85395 2.36642 -2.65544 0.105203 -0.0970607 0.278843 2.52032 -0.675897 0.480565 -0.305658 -3.21905 
-0.0724575 1.54991 1.75206 0.0684355 1.31158 0.79716 -2.17712 -1.86755 -2.52348 1.52559 -1.03785 -2.56743 -1.46383 1.1538 -1.14787 -1.9778 0.872953 1.61291 0.301653 -0.587001 -0.356071 2.85931 0.694487 2.34941 2.45358 -1.57531 0.310456 0.994385 1.34863 -1.47671 1.5567 3.97842 -2.05154 -0.766083 -0.263263 -4.16344 -0.881253 0.610761 -0.36726 0.565876 -1.59665 2.04357 1.71638 0.655149 0.353341 0.617371 -0.246201 -2.25696 -0.82544 2.1615 1.78302 0.956161 -2.92595 1.68898 0.631369 1.0511 1.30087 3.36321 -1.13164 1.90646 -0.595279 -2.51314 3.77664 -1.88111 1.4108 1.75499 0.285187 0.854319 2.63169 -1.31047 -0.186013 0.0355004 0.660374 -1.18563 -0.340933 1.73049 -0.455398 0.0132657 1.31435 -0.353492 -0.012934 2.68389 -3.08188 0.843076 -1.47239 0.348394 3.9783 2.49887 -0.599357 1.32678 -4.06277 0.51846 -1.85201 -0.0796586 0.875746 -1.12098 1.28622 2.82033 2.87888 -1.7897 
-0.915572 0.62473 -0.00383545 -0.450549 0.714588 1.20711 0.20302 -1.62342 0.725146 0.000744424 -0.165066 -0.227197 0.102357 -0.856323 0.0909824 -0.126221 0.993323 0.582643 0.0247581 0.233315 -1.3235 0.694487 1.07776 1.38719 0.438816 -1.5875 -0.216472 0.510327 0.214134 -0.332635 1.09195 1.66293 -1.32399 -1.89701 -1.07781 -1.9623 -1.23288 1.34876 -1.19033 2.47872 0.150454 -0.34479 0.0994294 -0.0677008 0.681562 1.25481 -0.166788 -0.0962523 1.05922 1.21918 0.258339 2.19098 1.04101 -0.405003 -0.00123755 -1.89907 0.290357 -0.251635 0.552406 -0.94908 0.559096 0.775882 2.51981 0.224181 -0.208 2.18762 0.588877 0.200881 -0.218046 -0.199686 1.81979 0.252781 -1.87549 0.155824 -0.000489886 -0.227297 1.15499 1.50136 -0.902952 0.299888 -1.47191 1.67772 -0.623321 1.64601 0.252633 0.0638868 1.47423 -0.803876 0.423683 0.651368 -1.77479 2.14755 -0.514679 -0.832376 -0.589059 -0.504467 0.310566 -0.448577 0.678986 1.29605 
-0.786968 1.42081 0.9027 0.15881 1.60828 1.34408 -1.21006 -3.18561 -0.898203 0.454157 -0.197248 -2.67785 -0.242085 0.358365 -0.739037 -0.96868 1.37766 1.21436 -0.802126 -0.85463 -2.16923 2.34941 1.38719 3.02331 1.65861 -2.42829 -0.093853 -0.106794 0.722677 -1.61041 2.13324 3.36265 -1.25014 -2.65023 -1.01543 -4.35664 -1.0006 1.99351 -1.40238 3.35119 -1.20144 1.39351 1.35078 -0.248661 1.73962 1.50995 -0.0535205 -1.52154 0.252612 2.609 1.31001 2.6553 -1.26057 0.118987 0.633627 -1.73722 0.100343 2.55827 -0.288375 0.0134976 -1.06343 -0.0881887 4.4299 -1.19606 1.20265 4.07806 1.23083 1.58941 1.81304 -0.678996 0.767829 -0.493847 -1.55692 -0.792252 -0.538649 0.252846 0.379756 3.39899 0.814583 0.422755 -2.17984 2.97593 -2.31612 2.13487 -0.556289 0.0708868 3.53461 1.15724 -1.31232 1.96841 -4.41613 2.16673 -1.47967 -0.226071 0.329525 -2.09908 1.29851 1.63287 2.33543 0.594325 
0.0454048 1.33263 1.66866 -0.174762 0.951783 0.642016 -1.94743 -1.0391 -2.38066 1.65418 -1.25305 -1.71542 -1.66586 0.927047 -0.971876 -1.96194 0.638952 1.52097 0.87284 -0.141471 0.368923 2.45358 0.438816 1.65861 2.26273 -1.11244 0.369069 1.50804 1.3475 -1.01867 1.08428 3.61364 -2.32611 -0.0704392 -0.1178 -3.3593 -0.964405 0.0678361 -0.0576936 -0.390401 -1.23867 1.61621 1.39192 0.952352 -0.349871 0.332622 -0.340127 -1.97089 -0.805306 1.60878 1.55907 0.415581 -2.5549 1.91308 0.415833 1.67495 1.68969 2.6166 -1.05291 2.05126 0.093494 -2.83637 3.03157 -1.57414 0.982019 0.567316 -0.163882 0.196642 2.1533 -1.32027 -0.0279528 0.434955 1.08154 -0.963707 -0.10673 1.95031 -0.379151 -1.47659 0.838193 -0.59068 0.754212 2.21647 -2.72861 0.385525 -1.43236 0.420939 3.44063 2.16476 0.188328 0.731046 -3.12738 0.140685 -1.63837 -0.270622 0.691414 -0.33843 0.957617 2.41526 2.48102 -2.14195 
1.21871 -1.17209 -0.374441 0.506431 -1.27262 -1.75066 0.240811 2.66566 -0.379347 -0.283233 0.373489 1.02196 0.120626 0.808745 0.160698 0.57163 -1.51052 -1.10104 0.04274 -0.0727674 1.94572 -1.57531 -1.5875 -2.42829 -1.11244 2.47226 0.22828 -0.736645 -0.551923 0.839492 -1.83439 -3.03872 2.05547 2.75929 1.47279 3.56604 1.74409 -1.98692 1.67779 -3.52744 0.219862 -0.0785737 -0.557297 0.0235081 -1.11564 -1.80598 0.242251 0.654955 -1.186 -2.14102 -0.751022 -3.13873 -0.647873 0.227085 -0.179419 2.37197 -0.546872 -0.545179 -0.458381 0.86218 -0.431312 -0.557927 -4.18848 0.171365 -0.12475 -3.45285 -0.921944 -0.590299 -0.374173 0.522931 -2.2609 -0.236479 2.37345 0.0961473 0.12651 -0.0106489 -1.37149 -2.28646 0.776116 -0.369216 2.07597 -2.81664 1.51706 -2.3959 -0.012774 -0.136188 -2.83767 0.439804 -0.232968 -1.25091 3.33594 -2.95428 1.09188 1.0396 0.532726 1.06467 -0.741163 -0.0993351 -1.55754 -1.38122 
0.261338 0.106849 0.364608 0.0313528 -0.0269648 -0.185431 -0.452393 0.317761 -0.697181 0.397174 -0.280015 -0.182881 -0.438597 0.38609 -0.212455 -0.41013 -0.146075 0.18201 0.291302 -0.0130244 0.543329 0.310456 -0.216472 -0.093853 0.369069 0.22828 0.148372 0.302995 0.25131 -0.0671932 -0.111587 0.336746 -0.241853 0.582993 0.270006 -0.127046 0.0772515 -0.418914 0.340598 -0.879369 -0.256128 0.378505 0.233812 0.28477 -0.373616 -0.290185 -0.0515002 -0.372535 -0.445639 -0.038754 0.249237 -0.551698 -0.776342 0.574666 0.0569356 0.966567 0.377746 0.526064 -0.363951 0.729097 0.000683255 -0.894592 -0.0772616 -0.359626 0.200084 -0.629418 -0.263768 -0.120802 0.459422 -0.250682 -0.436832 0.104679 0.790757 -0.218909 0.0168155 0.537622 -0.363365 -0.972665 0.334153 -0.25077 0.675371 -0.00155843 -0.399863 -0.406833 -0.381248 0.0919864 0.314856 0.634672 0.0735298 -0.102267 -0.098775 -0.574651 -0.204485 0.11486 0.272812 0.186884 0.0815034 0.589623 0.321952 -0.873206 
-0.547312 0.857888 0.972646 -1.80734 0.006257 1.29425 -0.286194 0.950959 -0.395665 1.93594 -2.20705 2.22104 -2.15488 -1.3328 0.125164 -1.67991 0.668806 1.53286 3.3534 2.20867 1.99232 0.994385 0.510327 -0.106794 1.50804 -0.736645 0.302995 4.20325 1.35482 0.857209 0.0620479 3.31444 -4.7742 0.796679 -0.753033 -1.46523 -2.67821 -0.773003 -0.0916145 -1.65022 0.813156 -1.06148 -0.228464 2.05166 -2.66478 0.508094 -0.911155 -0.414622 0.735898 0.277958 0.562245 0.554203 0.893838 2.08581 -0.648659 1.887 3.51034 -1.59268 0.180473 1.16808 3.91216 -2.83594 2.15254 0.397152 -1.41659 -2.28582 -1.46474 -2.60127 -0.702042 -1.36489 2.93283 2.4912 0.505808 0.421398 0.983608 2.31455 1.45704 -6.17408 -2.60301 -1.19781 2.31674 1.72552 -1.37095 0.240836 -0.673286 0.752921 2.15135 -0.751634 4.2756 -1.33014 -0.446108 1.02166 -0.988504 -2.11497 -1.00275 2.68445 -0.342068 -0.43625 1.0337 -1.76501 
0.015429 0.759788 0.999267 -0.321412 0.431238 0.424092 -1.05623 -0.261257 -1.33619 1.13431 -0.955874 -0.531192 -1.18101 0.345827 -0.486556 -1.24395 0.346909 0.959711 0.942324 0.236327 0.590365 1.34863 0.214134 0.722677 1.3475 -0.551923 0.25131 1.35482 0.873968 -0.368062 0.477159 2.20929 -1.79335 0.233958 -0.0856797 -1.78085 -0.792367 -0.187876 0.0521874 -0.643155 -0.525972 0.698105 0.671155 0.797447 -0.628903 0.145227 -0.295965 -1.06333 -0.388218 0.76765 0.861283 0.119589 -1.25954 1.32164 0.116927 1.28983 1.36274 1.12432 -0.556815 1.29992 0.583171 -1.9355 1.67024 -0.765398 0.309644 -0.223507 -0.348281 -0.301049 1.01636 -0.862669 0.274798 0.571924 0.779191 -0.443642 0.0912076 1.36039 -0.0706733 -1.79202 0.115714 -0.504181 0.847709 1.25684 -1.55104 0.101373 -0.853763 0.322138 1.96333 1.06179 0.69648 0.125085 -1.52597 0.0515646 -0.94458 -0.38555 0.252661 0.265066 0.414935 1.20842 1.36976 -1.46267 
-0.0808747 -0.704788 -0.740261 -0.65955 -0.870589 -0.123857 1.23719 1.63323 1.37272 -0.251984 -0.136857 2.41851 0.12647 -1.13283 0.753154 0.635866 -0.380047 -0.497223 1.02004 1.14435 1.04393 -1.47671 -0.332635 -1.61041 -1.01867 0.839492 -0.0671932 0.857209 -0.368062 1.25519 -1.03261 -1.4124 -0.341122 0.912736 -0.0235691 2.21821 -0.32107 -0.764645 0.288636 -1.14136 1.27631 -1.62916 -1.15945 0.33737 -1.23475 -0.299217 -0.162346 1.26395 0.697073 -1.34142 -0.92808 -0.5667 2.06404 -0.268033 -0.627263 0.17422 0.433442 -2.65019 0.726986 -0.69217 1.7387 0.481875 -1.77278 1.29768 -1.37376 -2.08876 -0.752092 -1.48642 -1.87575 0.339528 1.03201 0.856968 -0.0825349 0.878493 0.567312 -0.225235 0.719256 -2.35301 -1.6875 -0.235353 0.958799 -1.18037 1.47395 -0.566781 0.654629 0.0496238 -1.81724 -1.76518 1.88294 -1.35729 2.50856 -0.121979 0.837274 -0.648485 -0.861384 1.70625 -0.948939 -1.87938 -1.47351 0.376983 
-0.697692 0.993923 0.527098 -0.0201995 1.12865 1.09876 -0.657153 -2.29104 -0.338908 0.263381 -0.154637 -1.63415 -0.111879 -0.0088476 -0.410407 -0.598233 1.06425 0.860711 -0.470134 -0.445033 -1.61879 1.5567 1.09195 2.13324 1.08428 -1.83439 -0.111587 0.0620479 0.477159 -1.03261 1.53424 2.39779 -1.06784 -2.04733 -0.873376 -3.06176 -0.901452 1.52009 -1.13071 2.61062 -0.667584 0.730478 0.818845 -0.166985 1.2018 1.20979 -0.072971 -0.917126 0.420917 1.84598 0.834649 2.124 -0.47211 -0.0385152 0.372658 -1.51393 0.127918 1.43905 -0.0266868 -0.239549 -0.486261 0.153803 3.24775 -0.644644 0.654456 2.96302 0.877166 0.989227 1.00885 -0.44777 0.91619 -0.228753 -1.39963 -0.425379 -0.317944 0.0856065 0.519058 2.39373 0.249028 0.32773 -1.66396 2.17741 -1.5181 1.67818 -0.259971 0.0568237 2.45191 0.472552 -0.667978 1.32596 -3.04994 1.82523 -0.999777 -0.344293 0.0427769 -1.36699 0.842972 0.843026 1.54441 0.687028 
-0.906089 2.45886 2.33261 -1.03574 1.86953 2.21332 -2.35221 -2.60631 -2.44639 2.53089 -2.23199 -1.90036 -2.49909 0.0961646 -1.12429 -2.98126 1.8746 2.80845 1.87224 0.522149 -0.310211 3.97842 1.66293 3.36265 3.61364 -3.03872 0.336746 3.31444 2.20929 -1.4124 2.39779 6.8569 -5.22975 -1.66068 -1.30837 -6.4013 -2.95221 1.15773 -1.18966 1.42214 -1.25699 1.50328 1.81091 1.60106 -0.405014 1.69046 -0.787013 -2.68596 0.113792 3.22944 2.34416 2.66817 -2.09263 2.5195 0.384489 0.79707 3.19 2.74383 -0.790222 1.99174 1.49663 -3.51734 6.64959 -1.70739 0.744578 2.23156 0.0108114 -0.138776 2.38215 -2.16358 2.2871 1.33528 -0.240346 -0.988855 0.0808073 2.78092 0.902878 -1.85672 -0.339922 -0.739072 0.114555 4.74363 -4.34564 2.059 -1.73703 0.760102 6.20661 1.84632 1.57268 1.23589 -5.70897 2.38177 -2.77507 -1.57707 0.115478 -0.302704 1.42808 2.56156 4.00771 -1.91922 
1.12682 -1.58553 -1.3624 2.08553 -0.727984 -2.21718 0.640222 0.436245 0.508084 -2.28894 2.55661 -1.54527 2.4338 1.61676 0.0684607 2.20541 -1.47155 -2.25549 -3.46858 -2.24544 -1.12827 -2.05154 -1.32399 -1.25014 -2.32611 2.05547 -0.241853 -4.7742 -1.79335 -0.341122 -1.06784 -5.22975 6.07756 0.518632 1.47516 3.58448 3.64934 -0.174471 0.898246 0.0327101 -0.564936 0.836783 -0.204172 -2.17426 2.1995 -1.41284 1.07584 0.969805 -1.20905 -1.49543 -1.11437 -2.10398 -0.899365 -2.22865 0.518337 -0.977933 -4.00696 1.02879 -0.272225 -1.01731 -4.16313 2.94013 -4.53429 -0.127575 1.25015 0.5929 1.05855 2.31908 0.268131 1.7864 -4.03154 -2.6785 0.488231 -0.262094 -0.919005 -2.5771 -2.07666 5.31913 2.89337 1.10436 -1.44038 -3.35125 2.43712 -1.43054 0.84732 -0.875553 -3.93971 0.704306 -4.44686 0.657295 2.41867 -2.45427 1.71629 2.66137 1.18107 -2.15989 -0.124288 0.0990028 -2.08608 1.38338 
1.6029 -0.780596 0.542335 0.157797 -1.33222 -1.82313 -0.688294 3.51038 -1.80639 0.916324 -0.663089 1.18639 -1.20934 1.24936 -0.216055 -0.59216 -1.64861 -0.411196 1.36556 0.405719 3.45431 -0.766083 -1.89701 -2.65023 -0.0704392 2.75929 0.582993 0.796679 0.233958 0.912736 -2.04733 -1.66068 0.518632 4.07698 1.8285 3.01506 1.29374 -2.97956 2.32101 -5.61265 -0.0830375 0.402863 -0.166189 1.03667 -2.44679 -2.25866 -0.0623876 -0.147586 -1.87954 -2.16761 -0.151423 -4.09113 -1.93415 1.80422 -0.219813 4.66949 0.972783 0.0939326 -1.11697 2.53011 0.459426 -2.9208 -3.8762 -0.42484 -0.0660628 -5.20429 -1.76767 -1.41934 0.341909 -0.264262 -2.44429 0.530467 4.01944 -0.225843 0.384049 1.54604 -1.74446 -5.57319 0.827299 -1.12507 3.91218 -2.44678 0.450414 -3.13712 -0.895954 0.210598 -1.7654 1.48592 0.881549 -1.75935 3.06988 -3.84258 0.483177 0.784501 0.829866 2.04264 -0.66876 0.928551 -0.717219 -3.46493 
1.03273 -0.443102 0.27063 0.676806 -0.508157 -1.2724 -0.640091 1.29029 -1.26823 0.126952 0.177716 -0.492596 -0.205384 1.29519 -0.346458 -0.107882 -0.964584 -0.449045 -0.286044 -0.585527 1.17479 -0.263263 -1.07781 -1.01543 -0.1178 1.47279 0.270006 -0.753033 -0.0856797 -0.0235691 -0.873376 -1.30837 1.47516 1.8285 1.18961 1.41877 1.41564 -1.26671 1.22725 -2.42018 -0.56907 0.895804 0.266051 0.0116292 -0.413205 -1.28588 0.217995 -0.318883 -1.39119 -0.90821 0.0312986 -2.23835 -1.81762 0.587171 0.193022 2.0993 -0.384694 1.11624 -0.849975 1.31106 -1.10442 -1.08764 -2.16995 -0.667764 0.651251 -1.79886 -0.441334 0.206016 0.844328 0.078771 -2.29701 -0.505976 2.12571 -0.453048 -0.163604 0.380632 -1.48839 -1.03813 1.50043 -0.283843 1.37547 -1.43801 0.176279 -1.63919 -0.512329 -0.070023 -0.991929 1.4586 -0.992867 -0.308377 1.13804 -2.32572 0.273984 1.0909 0.916021 0.0612808 -0.0408538 1.10818 -0.246161 -1.60709 
1.02703 -2.49942 -2.0677 0.270831 -2.36371 -2.17094 2.42228 4.07915 2.2806 -1.72872 1.28942 3.53307 1.52801 -0.588653 1.31355 2.43274 -2.07911 -2.48431 -0.160558 0.622268 1.986 -4.16344 -1.9623 -4.35664 -3.3593 3.56604 -0.127046 -1.46523 -1.78085 2.21821 -3.06176 -6.4013 3.58448 3.01506 1.41877 7.07582 2.20445 -2.23881 1.71201 -3.45077 1.84624 -2.20207 -2.2182 -0.584571 -1.34479 -2.05717 0.414965 2.83009 -0.0705175 -3.92103 -2.41388 -3.46644 2.52524 -1.48493 -0.815068 0.874144 -1.65327 -3.95021 0.805323 -1.2342 0.403822 2.04338 -7.15019 2.08593 -1.60003 -4.63684 -1.07885 -1.43938 -3.03044 1.71813 -1.50937 -0.139007 1.22968 1.31117 0.485607 -1.70923 -0.574238 -2.04921 -0.82372 0.0281036 1.74793 -4.94709 4.33304 -2.76883 1.48165 -0.441046 -6.28108 -2.24671 0.578655 -2.40819 6.82401 -2.8529 2.74184 0.837553 -0.511143 2.09474 -1.92605 -2.99631 -4.16807 0.679743 
1.16935 -0.890467 -0.327467 1.43032 -0.537349 -1.77468 -0.288677 0.819974 -0.769153 -0.885883 1.2482 -1.29528 0.914143 1.68434 -0.2881 0.813744 -1.21822 -1.21277 -1.82678 -1.50176 0.13591 -0.881253 -1.23288 -1.0006 -0.964405 1.74409 0.0772515 -2.67821 -0.792367 -0.32107 -0.901452 -2.95221 3.64934 1.29374 1.41564 2.20445 2.54816 -0.799013 1.14904 -1.40672 -0.77388 1.14778 0.227682 -0.98399 0.847728 -1.41028 0.630876 0.0594132 -1.51388 -1.07205 -0.350324 -2.294 -1.82506 -0.560202 0.429438 0.907591 -2.05226 1.50167 -0.758901 0.489415 -2.74862 0.520773 -3.16018 -0.649355 1.13834 -0.642269 0.271055 1.33147 0.897063 0.788434 -3.37335 -1.60353 1.59691 -0.516963 -0.577878 -0.851139 -1.95827 1.94585 2.44368 0.328217 0.139937 -2.24478 0.993749 -1.61284 -0.042886 -0.433731 -2.13389 1.47056 -2.81846 0.257412 1.47776 -2.55899 0.821732 1.9479 1.2152 -1.11675 0.0379566 0.994144 -0.885683 -0.481448 
-1.11019 0.571827 -0.366696 -0.00161952 1.00425 1.25407 0.410985 -2.63417 1.19725 -0.699843 0.557311 -1.08817 0.923906 -0.758364 0.0958585 0.434323 1.17054 0.271786 -1.15723 -0.445626 -2.59005 0.610761 1.34876 1.99351 0.0678361 -1.98692 -0.418914 -0.773003 -0.187876 -0.764645 1.52009 1.15773 -0.174471 -2.97956 -1.26671 -2.23881 -0.799013 2.19111 -1.66078 4.11338 -0.0593239 -0.133696 0.20696 -0.830434 1.91365 1.60263 0.087797 0.0307081 1.25631 1.61925 0.152321 2.91754 1.19369 -1.33286 0.222551 -3.38607 -0.843535 0.175382 0.73379 -1.78479 -0.585561 2.13524 2.79319 0.195979 0.1931 3.91299 1.35641 1.20135 -0.0859824 0.211692 1.55509 -0.523856 -2.85883 0.0835318 -0.346524 -1.1611 1.13356 4.33036 -0.375656 0.855678 -2.91986 1.75447 -0.373673 2.25297 0.612542 -0.179273 1.3014 -0.902195 -0.907484 1.38813 -2.33403 2.69383 -0.365837 -0.435359 -0.491945 -1.66113 0.552181 -0.510614 0.574538 2.49005 
1.07242 -0.476305 0.341998 0.394988 -0.702433 -1.26132 -0.582406 1.84318 -1.28836 0.396992 -0.151301 0.136535 -0.537148 1.09463 -0.260735 -0.279951 -1.04563 -0.350735 0.332396 -0.159543 1.7817 -0.36726 -1.19033 -1.40238 -0.0576936 1.67779 0.340598 -0.0916145 0.0521874 0.288636 -1.13071 -1.18966 0.898246 2.32101 1.22725 1.71201 1.14904 -1.66078 1.41555 -3.15169 -0.331116 0.610505 0.0940286 0.37163 -1.05074 -1.42076 0.0852064 -0.234858 -1.35753 -1.18347 -0.0179627 -2.52958 -1.61252 0.937057 0.0274034 2.68115 0.157419 0.62805 -0.825143 1.55392 -0.401432 -1.58344 -2.39118 -0.501969 0.318781 -2.68601 -0.830451 -0.379014 0.569757 -0.0657444 -2.00088 -0.0698863 2.46524 -0.31801 0.0472737 0.744462 -1.35564 -2.4503 1.05319 -0.535663 2.04453 -1.54049 0.211981 -1.89981 -0.582772 0.041436 -1.06712 1.27268 -0.19935 -0.749895 1.59118 -2.49198 0.285291 0.8182 0.756198 0.726138 -0.238502 0.907246 -0.341554 -2.02489 
-2.15456 0.781182 -1.08867 -0.0517012 1.66059 2.28582 1.28278 -4.69064 2.88872 -1.66859 1.27684 -1.50141 2.08681 -1.75918 0.446241 1.25791 2.09475 0.195493 -2.25832 -0.695121 -4.92454 0.565876 2.47872 3.35119 -0.390401 -3.52744 -0.879369 -1.65022 -0.643155 -1.14136 2.61062 1.42214 0.0327101 -5.61265 -2.42018 -3.45077 -1.40672 4.11338 -3.15169 7.84861 0.257474 -0.737915 0.013764 -1.72546 3.59633 2.99008 0.209341 0.558199 2.64373 2.67199 -0.0929942 5.47416 2.99573 -2.93451 0.279665 -6.79127 -1.86894 -0.44201 1.68521 -3.87971 -0.934321 4.66717 4.62911 0.810505 0.0334743 7.18029 2.54911 2.09882 -0.770316 0.680768 3.12223 -0.981763 -5.70287 0.436157 -0.579921 -2.60531 2.33511 8.31171 -1.07366 1.72264 -5.63741 2.84462 -0.0614496 4.20031 1.50995 -0.4132 1.68042 -2.33003 -1.55328 2.37977 -3.63995 5.14547 -0.314932 -0.868329 -1.17224 -2.93236 0.780022 -1.63418 0.49171 5.21521 
-0.573355 -0.639902 -1.07565 -0.856728 -0.679384 0.384557 1.73049 0.973194 2.22899 -0.586008 0.0319081 2.62757 0.51839 -1.76471 0.992765 0.963032 0.0180945 -0.494592 0.847221 1.28707 0.260832 -1.59665 0.150454 -1.20144 -1.23867 0.219862 -0.256128 0.813156 -0.525972 1.27631 -0.667584 -1.25699 -0.564936 -0.0830375 -0.56907 1.84624 -0.77388 -0.0593239 -0.331116 0.257474 1.59734 -2.12681 -1.38054 0.105104 -0.793247 0.298777 -0.179983 1.60363 1.415 -1.01331 -1.10107 0.511402 3.11705 -0.869039 -0.707366 -1.17163 0.239649 -3.29373 1.22717 -1.60537 2.00094 1.46496 -1.04312 1.72574 -1.6722 -1.03083 -0.401358 -1.40807 -2.41364 0.499768 1.99105 0.895075 -1.29311 1.14969 0.584117 -0.740242 1.40093 -1.23987 -2.32141 0.0452265 0.0195827 -0.734832 1.68747 0.229403 1.07415 -0.00264109 -1.72305 -2.61594 2.05313 -1.15062 2.18613 0.985444 0.891661 -1.02806 -1.30631 1.49449 -0.971816 -2.59237 -1.60725 1.49459 
0.882556 0.779025 1.45179 1.16387 0.799593 -0.657292 -2.33578 -1.0372 -3.07641 0.821703 -0.0674483 -3.41016 -0.751624 2.44 -1.3299 -1.29895 -0.153121 0.606959 -1.05526 -1.69548 -0.110747 2.04357 -0.34479 1.39351 1.61621 -0.0785737 0.378505 -1.06148 0.698105 -1.62916 0.730478 1.50328 0.836783 0.402863 0.895804 -2.20207 1.14778 -0.133696 0.610505 -0.737915 -2.12681 2.85318 1.81542 -0.0843811 0.896471 -0.567628 0.243171 -2.12666 -2.01783 1.17634 1.4385 -0.984833 -4.2739 1.25999 0.925962 1.87421 -0.282727 4.37887 -1.70707 2.29712 -2.6537 -2.1224 1.06912 -2.31737 2.22126 1.00246 0.415651 1.78469 3.22403 -0.665593 -2.84493 -1.17102 2.00162 -1.54129 -0.75447 1.06813 -1.99701 1.29348 3.1585 -0.130124 0.238598 0.77189 -2.18294 -0.538022 -1.4792 0.0109546 2.12427 3.57667 -2.6954 1.40543 -2.6584 -1.59823 -1.13248 1.44009 1.79933 -1.85372 1.23907 3.50087 2.06078 -2.2134 
0.319766 0.796148 1.10673 0.532025 0.758793 -0.0142965 -1.61171 -1.08939 -1.99875 0.751625 -0.290948 -2.25983 -0.69372 1.36018 -0.898531 -1.09853 0.225197 0.72427 -0.433749 -0.929282 -0.262329 1.71638 0.0994294 1.35078 1.39192 -0.557297 0.233812 -0.228464 0.671155 -1.15945 0.818845 1.81091 -0.204172 -0.166189 0.266051 -2.2182 0.227682 0.20696 0.0940286 0.013764 -1.38054 1.81542 1.28279 0.10636 0.577933 -0.00878138 0.0432897 -1.55844 -1.06134 1.18656 1.13252 -0.0408214 -2.63789 0.961731 0.592239 0.965337 0.196271 2.86566 -1.03197 1.45889 -1.36035 -1.53343 1.63669 -1.53159 1.37693 1.10001 0.322301 1.07596 2.14316 -0.645241 -1.23653 -0.529937 0.937322 -1.0027 -0.442095 0.896219 -0.955644 0.766919 1.73831 -0.11669 -0.0284002 1.1582 -1.82862 0.0954436 -1.03079 0.0928622 2.09112 2.22571 -1.3942 1.04724 -2.39592 -0.441905 -1.0261 0.593694 1.0129 -1.20037 0.925471 2.29832 1.72775 -1.35837 
0.0790301 0.416034 0.75398 -0.715109 -0.0820667 0.288803 -0.554031 0.838135 -0.868886 1.19996 -1.19638 0.812688 -1.34115 -0.151743 -0.147558 -1.0905 0.0722398 0.780143 1.71429 0.923704 1.46928 0.655149 -0.0677008 -0.248661 0.952352 0.0235081 0.28477 2.05166 0.797447 0.33737 -0.166985 1.60106 -2.17426 1.03667 0.0116292 -0.584571 -0.98399 -0.830434 0.37163 -1.72546 0.105104 -0.0843811 0.10636 1.15311 -1.55109 -0.150891 -0.427066 -0.511452 -0.177878 -0.0177951 0.449049 -0.448582 -0.410065 1.46103 -0.228439 1.85872 1.83876 -0.187196 -0.300834 1.25095 1.64555 -2.10886 0.648313 -0.175545 -0.412426 -1.74758 -0.923955 -1.25227 0.134308 -0.802447 0.716309 1.15176 1.09881 -0.0307905 0.440804 1.51117 0.201092 -3.68495 -0.744612 -0.772315 1.74268 0.603645 -0.905654 -0.405938 -0.660647 0.404268 1.09392 0.322222 1.88067 -0.723503 -0.133767 -0.263718 -0.570957 -0.739755 -0.134949 1.37415 -0.0996468 0.387577 0.683956 -1.66993 
