10
0.6828   -0.4438    0.9783    1.5921   -1.2277    0.9322   -0.0017 -0.2576   -1.3976   -0.7593
-0.4438    0.3838   -0.8606   -0.8949    0.5670   -0.8032    0.1358 -0.0004    1.2309    0.7353
0.9783   -0.8606    3.7373   -0.0180    1.6863   -0.6378   -1.1175 -1.6432   -1.9762   -1.8716
1.5921   -0.8949   -0.0180    6.0649   -6.3647    4.5429    1.0634 0.9737   -3.6431   -1.1824
-1.2277    0.5670    1.6863   -6.3647    7.4265   -5.1151   -1.6043 -1.8125    2.9951    0.4362
0.9322   -0.8032   -0.6378    4.5429   -5.1151    4.9748    0.7958 2.2513   -3.6385   -1.2488
-0.0017    0.1358   -1.1175    1.0634   -1.6043    0.7958    0.5425 0.5009    0.1118    0.4379
-0.2576   -0.0004   -1.6432    0.9737   -1.8125    2.2513    0.5009 1.9372   -0.7684    0.0581
-1.3976    1.2309   -1.9762   -3.6431    2.9951   -3.6385    0.1118 -0.7684    4.2951    2.2794
-0.7593    0.7353   -1.8716   -1.1824    0.4362   -1.2488    0.4379 0.0581    2.2794    1.4830
